0	0	1	248.000	1	1	50	3	NULL
30.4130084940157 120.416437190468,30.4131094021267 120.417310642396,30.4131788465712 120.417905260452,30.4131799316406 120.417924791702,30.413186984592 120.417937812535,30.4131962076823 120.417950833369,30.4132086859809 120.417960598994,30.4132189941406 120.417966566876,30.413232014974 120.417971449688,30.4132873535156 120.417973619827,30.4134316677517 120.417966024341,30.4134870062934 120.417964668004,30.4138163248698 120.417931844653,30.4140890258828 120.417870581801
1	2	0	195.200	1	1	50	3	NULL
30.4136432562934 120.415140503507,30.4129771592882 120.415230971172,30.4129500325521 120.415250502422,30.4129305013021 120.415272203811,30.4129153103299 120.415296075339,30.4129001193576 120.4153329677,30.4128925238715 120.415361179506,30.4128881835938 120.415396986797,30.4128869628906 120.415417196216,30.4128956434462 120.415488810799,30.4129618326823 120.416086684063,30.4130084906684 120.416437161494,30.4130084940157 120.416437190468
2	0	3	15.500	1	1	50	3	NULL
30.4130084940157 120.416437190468,30.4128691948785 120.416449504159
3	4	0	150.300	1	1	50	3	NULL
30.4143579606535 120.416323347907,30.414294768677 120.416328500877,30.4130084940157 120.416437190468
4	1	5	30.200	1	1	50	3	NULL
30.4140890258828 120.417870581801,30.4140892198351 120.41787053823,30.4143559513283 120.417811261261
5	6	1	53.600	1	1	50	3	NULL
30.4140420193142 120.417316067744,30.4140890258828 120.417870581801
6	7	8	830.000	1	1	5	9	NULL
30.3506176463599 120.488595590714,30.3506130642361 120.488462999132,30.3505691189236 120.486630588108,30.3505322265625 120.484670410156,30.3505376519097 120.483444281684,30.3504909939236 120.48173421224,30.3504866536458 120.481581217448,30.3504809570313 120.480978190104,30.3504741753472 120.480807834201,30.3504635959201 120.480231662326,30.3504616970486 120.480059136285,30.3504595269097 120.479982096354
7	9	7	562.200	1	1	5	9	NULL
30.3509950086806 120.494403211806,30.3507191297743 120.489887152778,30.3507237413194 120.48962483724,30.3507161458333 120.489561903212,30.3506949869792 120.48948187934,30.3506553819444 120.489390190972,30.3506344943576 120.489231770833,30.3506344943576 120.489083116319,30.3506176463599 120.488595590714
8	10	11	371.600	1	1	30	4	NULL
30.3551849659028 120.48853945665,30.3552255883166 120.488540081611,30.355901340764 120.488533343338,30.3562507683116 120.488525642456,30.3573077144473 120.488526605066,30.3578525518906 120.488536231169,30.358323268339 120.488539119,30.3585297708756 120.488527979859
9	7	10	508.400	1	1	30	4	NULL
30.3506176463599 120.488595590714,30.3506676284328 120.488592062568,30.3507937303853 120.488560296427,30.350989140281 120.48850831547,30.3510767378205 120.488490025874,30.3511056161302 120.488490025874,30.3513404930493 120.488487138043,30.352257860688 120.488503502418,30.3533966287012 120.488512165911,30.3538885225767 120.488506390249,30.3545998916061 120.488530455507,30.3551849659028 120.48853945665
10	10	12	565.200	1	1	50	3	NULL
30.3551849659028 120.48853945665,30.3553607855903 120.49440375434
11	13	10	842.200	1	1	50	3	NULL
30.3549690755208 120.479800075955,30.3551293945313 120.486685926649,30.3551849659028 120.48853945665
12	14	15	573.100	3	3	70	2	滨江二路
30.3586111838233 120.488520442497,30.3593744574653 120.49440483941
13	16	14	369.100	3	3	70	2	滨江二路
30.3581280594815 120.48472961789,30.358219672309 120.485502115885,30.3586111838233 120.488520442497
14	11	17	369.100	3	3	70	2	滨江二路
30.3585297708756 120.488527979859,30.3581388346354 120.485514865451,30.358046850534 120.484736442172
15	18	11	572.400	3	3	70	2	滨江二路
30.3592922634549 120.49440483941,30.3585297708756 120.488527979859
16	19	20	273.000	1	1	30	4	NULL
30.4084854480149 120.390080926988,30.4084865993924 120.390081108941,30.4085780164931 120.390074598524,30.408659125434 120.390059407552,30.408743218316 120.390042046441,30.4088104926215 120.390031195747,30.4088802083333 120.39004421658,30.4090169270833 120.390085449219,30.40908203125 120.390126681858,30.4091126844618 120.390174696181,30.409147406684 120.390252278646,30.4092258029514 120.390482855903,30.4093055555556 120.390670572917,30.4093665907118 120.390807291667,30.4093988715278 120.390863715278,30.4094476996528 120.390884602865,30.4094883897569 120.390899793837,30.4095646158854 120.390925835503,30.4096888563368 120.390961371528,30.4097819010417 120.391016167535,30.4098944769965 120.391121961806,30.4100105794271 120.391232096354,30.4100957573785 120.391323242188,30.4101535373264 120.391411675347,30.4102935112847 120.391598849826
17	21	19	78.700	1	1	30	4	NULL
30.4077845594618 120.38996500651,30.4079125976562 120.389976128472,30.4080257161458 120.390002983941,30.4082313368056 120.39004313151,30.408381890191 120.390064561632,30.4084854480149 120.390080926988
18	22	19	268.800	1	1	30	4	NULL
30.4097783722359 120.391717703575,30.4095567378923 120.391778549614,30.4095248891119 120.391778549614,30.4094994100875 120.391774303109,30.4094760543151 120.391767933353,30.4094399590306 120.391744577581,30.4093783847217 120.391697866036,30.4090768829331 120.391413350264,30.4090641434209 120.391404857256,30.4090471574046 120.391396364248,30.4090195551282 120.3913984875,30.4087307928519 120.391457938557,30.4087116835836 120.391455815305,30.4086840813072 120.391438829288,30.4086628487868 120.39141972002,30.4086564790307 120.391400610752,30.4084854480149 120.390080926988
19	23	24	127.000	2	1	50	3	NULL
30.4076119497296 120.404850659755,30.407395562066 120.404859483507,30.4064732530382 120.404962293837
20	25	23	273.200	2	1	50	3	NULL
30.4100596788194 120.404990505642,30.4100208875868 120.40497124566,30.4086794704861 120.404807128906,30.4076119497296 120.404850659755
21	26	27	126.900	3	1	50	3	NULL
30.4076174657022 120.404881601313,30.4073966471354 120.404890679253,30.4064797634549 120.404992947049
22	25	26	272.300	3	1	50	3	NULL
30.4100596788194 120.404990505642,30.4100203450521 120.405002441406,30.4086767578125 120.404838053385,30.4076174657022 120.404881601313
23	26	28	228.900	1	1	50	3	NULL
30.4076174657022 120.404881601313,30.4075960148874 120.4072595268
24	29	30	85.800	1	1	50	3	NULL
30.3854365493435 120.388163621308,30.3846720377604 120.388291829427
25	31	29	302.400	1	1	50	3	NULL
30.3881046549479 120.387814398872,30.3873635525174 120.388039008247,30.3872347005208 120.38809000651,30.3871435546875 120.388098144531,30.3867805989583 120.388006998698,30.3865614149306 120.387976074219,30.3860291883681 120.388064236111,30.3854365493435 120.388163621308
26	29	32	395.800	1	1	50	3	NULL
30.3854365493435 120.388163621308,30.3855944280483 120.38956839503,30.3856077831814 120.389785049753,30.385697585681 120.390046293389,30.385820043635 120.390617763841,30.385860862953 120.390674910886,30.385942501589 120.390723894067,30.3860241617655 120.390783927545,30.3860976149974 120.390854515885,30.3861384343154 120.390952482248,30.3864241695414 120.391997456789
27	33	34	331.500	1	1	50	3	NULL
30.4050085577395 120.419701226586,30.4054341810349 120.419510612762,30.4054946085965 120.419510612762,30.4055268366294 120.419522698274,30.4055541220385 120.419547698384,30.4055682590054 120.419582031018,30.4057540591422 120.420486796902,30.4057661765425 120.420533246936,30.4057661765425 120.420583736104,30.4057742548093 120.420710968806,30.4057927179007 120.420848076127,30.40584105995 120.42110590039,30.4058530179107 120.421143156081,30.4058571739664 120.421186470472,30.4058531454623 120.421198555984,30.4058370314459 120.421206612993,30.4054301525307 120.421327468116,30.4049789600704 120.42155709285
28	35	36	401.200	1	1	50	3	金褚路
30.4101167403405 120.429910397554,30.4101158311632 120.429845377604,30.4100906032986 120.429179144965,30.4100699869792 120.428473036024,30.4100493706597 120.427813856337,30.4100078667535 120.426585286458,30.4099848090278 120.425745985243
29	37	35	247.000	1	1	50	3	金褚路
30.4102202690972 120.432471788194,30.4101869032118 120.432160101997,30.4101521809896 120.431276855469,30.4101247829861 120.430485568576,30.4101167403405 120.429910397554
30	38	35	562.900	1	1	50	3	NULL
30.4086771007816 120.43359409368,30.4083663647157 120.4310420705,30.4082437634939 120.430338102194,30.4081725756876 120.43009289975,30.4081725756876 120.430069170482,30.4081923500783 120.430037531457,30.408216079347 120.430017757066,30.4082815800594 120.429998274856,30.4101167403405 120.429910397554
31	39	40	260.600	1	1	50	3	长东路
30.4027883153389 120.445247215865,30.4023388671875 120.445213487413,30.4004467773437 120.445084364149
32	41	39	52.600	1	1	50	3	长东路
30.4032606336806 120.44528266059,30.4027883153389 120.445247215865
33	42	41	433.800	1	1	30	4	NULL
30.4029274998203 120.440831990457,30.4029470486111 120.440911729601,30.4030856662326 120.441620279948,30.4031225585938 120.442070855035,30.4032150607639 120.442746582031,30.4032891167535 120.443293728299,30.4032245551215 120.443733452691,30.4031686740451 120.444238009983,30.4032427300347 120.444817437066,30.4032606336806 120.44528266059
34	43	42	78.900	1	1	30	4	NULL
30.4027341037326 120.44004313151,30.4029274998203 120.440831990457
35	39	42	465.300	1	1	50	3	NULL
30.4027883153389 120.445247215865,30.4027883153389 120.442139985391,30.4027697447361 120.441979074405,30.402750229169 120.441811240528,30.4027111980349 120.441635600424,30.4026092446038 120.441439273819,30.4025858875514 120.441314702873,30.4025781018673 120.440925418666,30.4025781018673 120.440902061614,30.4025936732356 120.440855347509,30.402617030288 120.440831990457,30.4026871014452 120.440831990457,30.4029274998203 120.440831990457
36	44	45	123.800	1	1	50	3	禇石路
30.4001134969964 120.434499707726,30.401223687066 120.434388563368
37	46	44	425.400	1	1	50	3	禇石路
30.3962974717882 120.434871690538,30.3968991427951 120.434821506076,30.4001134969964 120.434499707726
38	44	47	80.400	1	1	50	3	NULL
30.4001134969964 120.434499707726,30.3999860832003 120.433677309587
39	48	49	47.900	1	1	5	9	翁金线
30.4003297153463 120.472450548114,30.3999031575521 120.472521430122
40	50	48	23.400	1	1	5	9	翁金线
30.4005381794303 120.47241403608,30.4004516601563 120.472430284288,30.4003297153463 120.472450548114
41	51	50	24.200	1	1	5	9	翁金线
30.4007530222861 120.47237368887,30.4005381794303 120.47241403608
42	52	51	249.800	1	1	5	9	翁金线
30.4029730902778 120.47196234809,30.4024476453993 120.472058105469,30.4014165581597 120.472249077691,30.4007530222861 120.47237368887
43	53	54	25.200	1	1	50	3	NULL
30.4001535418757 120.471110097794,30.4003727259252 120.471041524049
44	55	53	47.200	1	1	50	3	NULL
30.3997436523438 120.471238335503,30.4001535418757 120.471110097794
45	54	56	27.500	1	1	50	3	NULL
30.4003727259252 120.471041524049,30.4006115883834 120.470966793732
46	56	57	247.800	1	1	50	3	NULL
30.4006115883834 120.470966793732,30.4027644856771 120.470293240017
47	53	48	130.500	1	1	50	3	NULL
30.4001535418757 120.471110097794,30.4003297153463 120.472450548114
48	54	50	133.400	1	1	50	3	NULL
30.4003727259252 120.471041524049,30.4005381794303 120.47241403608
49	56	51	136.400	1	1	50	3	NULL
30.4006115883834 120.470966793732,30.4007530222861 120.47237368887
